2.565914853817499175e-01
3.466997988819128795e-01
2.079093067423616881e-01
2.543264787508977554e-01
4.015255101040840491e-01
3.125501390297943383e-01
2.198594761130198694e-01
2.900239938968620645e-01
4.679005790489568217e-01
2.475620786623556335e-01
2.453174088085317006e-01
4.002157522220206043e-01
4.307829160924543377e-01
2.363887780642303371e-01
4.253993230089816446e-01
3.041918814155930573e-01
2.057518086023405468e-01
4.919981306280172273e-01
2.806890369608103231e-01
2.509385590789616205e-01
5.152212352390287409e-01
2.089898038761160148e-01
3.343691864244340839e-01
3.466997988819128795e-01
2.714404161231490087e-01
2.165861507680507114e-01
2.286410912734045398e-01
3.529225943201818594e-01
2.330609879715557775e-01
2.079093067423616881e-01
8.362480242006185005e-01
5.300144044168593194e-01
2.165861507680507114e-01
2.959029055966380661e-01
2.308485976886149316e-01
2.622765490163580515e-01
2.220476607935726043e-01
4.498570638550217771e-01
1.918404018031615865e-01
6.774810638155458475e-01
3.030035271462144797e-01
2.253389418776454156e-01
2.531958963806115737e-01
5.835849780484190230e-01
2.923714128151669867e-01
2.352782837802031846e-01
2.253389418776454156e-01
2.297442353455617925e-01
3.604414267342092026e-01
2.319541809963646950e-01
2.198594761130198694e-01
2.531958963806115737e-01
1.907782668121780489e-01
2.498117983963710764e-01
2.079093067423616881e-01
2.220476607935726043e-01
2.806890369608103231e-01
3.442214828674456939e-01
2.970828467364868275e-01
2.363887780642303371e-01
2.144098713454551108e-01
4.015255101040840491e-01
2.264384472110623769e-01
2.330609879715557775e-01
2.947243550771938003e-01
5.389965007326869006e-01
4.820051852304987894e-01
5.930637220029627565e-01
2.841794419005789218e-01
4.240579411847802405e-01
4.707056299765653984e-01
2.970828467364868275e-01
2.363887780642303371e-01
1.833747427786132644e-01
2.668479855489389596e-01
4.361956491992045604e-01
3.554225956222664684e-01
2.634174504521497595e-01
2.841794419005789218e-01
3.491842722095748197e-01
2.330609879715557775e-01
2.165861507680507114e-01
2.441969605120421494e-01
2.599986437033641185e-01
2.209529699343911746e-01
4.294342982211606374e-01
3.065728349213350246e-01
3.125501390297943383e-01
1.739357634176806333e-01
3.566749439387323917e-01
3.405154872731281923e-01
2.297442353455617925e-01
3.872116677988139966e-01
2.014507267029500281e-01
2.959029055966380661e-01
2.363887780642303371e-01
2.297442353455617925e-01
3.282604319361128731e-01
2.352782837802031846e-01
2.772107725844855097e-01
2.133235051332343923e-01
1.666554400495552091e-01
3.642221495741153059e-01
3.566749439387323917e-01
4.015255101040840491e-01
4.015255101040840491e-01
2.830146194042857388e-01
3.504288274417793891e-01
6.026331730191134550e-01
2.363887780642303371e-01
3.380524318407306383e-01
3.221887678675630640e-01
2.806890369608103231e-01
2.645596550309267658e-01
2.220476607935726043e-01
2.176760691320762664e-01
1.760256283371398056e-01
1.583994592025360637e-01
5.152212352390287409e-01
2.959029055966380661e-01
2.231435513142097649e-01
3.380524318407306383e-01
2.198594761130198694e-01
2.286410912734045398e-01
2.275391627872478395e-01
4.160472174387013222e-01
5.344953678518954421e-01
3.479412639699777654e-01
3.466997988819128795e-01
3.343691864244340839e-01
2.702903297399116833e-01
2.783688503051131580e-01
5.648928450362664666e-01
3.642221495741153059e-01
3.173578405978975114e-01
2.003783405411973251e-01
1.865409723366629469e-01
3.910951678252116981e-01
1.865409723366629469e-01
2.297442353455617925e-01
2.830146194042857388e-01
4.280874966707819418e-01
4.539921490028248074e-01
2.760540344566618232e-01
2.264384472110623769e-01
1.676922467779955461e-01
6.519042220258961517e-01
2.970828467364868275e-01
3.343691864244340839e-01
3.221887678675630640e-01
2.408431284136106909e-01
4.963115808817366026e-01
2.003783405411973251e-01
2.982641817823178387e-01
2.397276793297450637e-01
2.634174504521497595e-01
4.147183135886475802e-01
1.802185065971758093e-01
2.554583407845811283e-01
2.645596550309267658e-01
2.079093067423616881e-01
3.743745210381332900e-01
2.341690213259175202e-01
3.185633862532462057e-01
3.089594708990657801e-01
3.976013716479498972e-01
2.187671767144107882e-01
6.418538861723946942e-01
4.609221836674944339e-01
3.343691864244340839e-01
2.475620786623556335e-01
4.253993230089816446e-01
1.897172587550836897e-01
3.617000801414054778e-01
3.680172205426668341e-01
2.531958963806115737e-01
4.173778896244063619e-01
2.830146194042857388e-01
1.939680621802782334e-01
4.041501835268552778e-01
2.565914853817499175e-01
4.553743192297764475e-01
3.173578405978975114e-01
3.405154872731281923e-01
2.657031657330056751e-01
2.543264787508977554e-01
1.604570730972161852e-01
2.154974190328541039e-01
3.053816495511819107e-01
2.486863058746365540e-01
2.657031657330056751e-01
2.657031657330056751e-01
1.865409723366629469e-01
3.454598731185924421e-01
2.220476607935726043e-01
1.532738713537237507e-01
2.911970145592254200e-01
6.569675239824429580e-01
4.512335265637451021e-01
2.025242641114740894e-01
